,district,CRIME_YEAR,CRIME_QUARTER,CRIME_MONTH,avg_quantity_crime_in_dist,cameras_in_district,R_avg_education_collegeor_above,G_avg_education_collegeor_above,B_avg_education_collegeor_above,warmth_education_collegeor_above,R_avg_family_size,G_avg_family_size,B_avg_family_size,warmth_family_size,R_avg_home_value,G_avg_home_value,B_avg_home_value,warmth_home_value,R_avg_income_household_med,G_avg_income_household_med,B_avg_income_household_med,warmth_income_household_med,R_avg_race_black,G_avg_race_black,B_avg_race_black,warmth_race_black,R_avg_race_white,G_avg_race_white,B_avg_race_white,warmth_race_white,brightness_avg,dark_pixel_ratio,mean_white,mean_black,mean_hispanic,mean_amer_indian,mean_asian,pct_age_18_24,pct_age_25_44,pct_age_45_64,pct_age_18,pct_age_65_plus,mean_M,mean_F,mean_U,pct_petit_larceny,pct_harrassment_2,pct_assault_3_related_offenses,pct_grand_larceny,pct_vehicle_and_traffic_laws,pct_felony_assault,pct_miscellaneous_penal_law,pct_dangerous_drugs,pct_other_offenses_related_to_theft,pct_grand_larceny_of_motor_vehicle,pct_robbery,pct_burglary,pct_sex_crimes,avg_quantity_crime_in_dist_lag1,avg_quantity_crime_in_dist_lag2,avg_quantity_crime_in_dist_lag0,pct_change_between_crime_months,mean_M_lag1,mean_F_lag1,mean_U_lag1,mean_M_diff,mean_F_diff,mean_U_diff,mean_white_lag2,mean_black_lag2,pct_age_18_24_lag1,pct_age_18_24_lag2,pct_age_45_64_lag1,pct_age_45_64_lag2,pct_age_18_lag1,pct_age_18_lag2,warmth_education_collegeor_above_lag1,warmth_family_size_lag1,warmth_race_white_lag1,warmth_income_household_med_lag1,warmth_home_value_lag1,avg_quantity_crime_in_dist_increased,mean_M_increased,mean_F_increased,brightness_avg_lag1,brightness_avg_lag2,pct_petit_larceny_lag1,pct_petit_larceny_lag2,pct_grand_larceny_lag1,pct_grand_larceny_lag2,pct_burglary_lag2,pct_sex_crimes_lag1,pct_sex_crimes_lag2,pct_robbery_lag1,pct_robbery_lag2,pct_assault_3_related_offenses_lag1,pct_assault_3_related_offenses_lag2,pct_felony_assault_lag1,pct_felony_assault_lag2,pct_vehicle_and_traffic_laws_lag1,pct_vehicle_and_traffic_laws_lag2,white_crime_ratio,male_female_ratio,youth_crime_ratio,brightness_growth,crime_vs_brightness_change,crime_decline,quantity_crime_pct_change
district,1.0,0.3029848967088525,0.0,0.0,0.1761402871256612,0.7821606658267547,0.7227398734885919,0.764401804049544,0.7490701127033863,0.7762597575131243,0.7284822954113255,0.6954750080197277,0.5513184334968962,0.6939359135160053,0.7407401285259042,0.670579595593285,0.7853112196278849,0.860249504248845,0.7070657674142325,0.7764008688353523,0.7044741753998999,0.7067215798091623,0.7246014607417762,0.5616381861706875,0.6657239551494489,0.682198378431701,0.7289212307145326,0.7520551405773389,0.7528334027007695,0.8784732203867038,0.49901989179311557,0.8717898061374396,0.3538725911926587,0.32133856849818304,0.33859669555349753,0.1509251016917378,0.4874835835943756,0.008993723660992404,0.03750371526696088,0.0,0.17164618576940563,0.06610104619646083,0.0,0.1387708279823778,0.13239104298806176,0.10579511205622838,0.09226257831918755,0.0,0.21389896560630905,0.033473004765778004,0.0,0.0,0.0,0.22453536157049422,0.12819396175440737,0.09985096793228163,0.0,0.0,0.25707852328624076,0.3120697803736295,0.17613964824937495,0.0,0.11164059811305964,0.042823001971057505,0.13914873011790665,0.0,0.23019259751916984,0.025178437176072807,0.39892793257985587,0.30929844861963623,0.06031961535347749,0.15450278086007327,0.0,0.0,0.2039552225329349,0.2346132736030312,0.7762741380824463,0.6938923093801708,0.878473229822997,0.7067397207287469,0.8602499227598445,0.0,0.0,0.0,0.4990217557209315,0.4927577228850409,0.3228701139805306,0.19236452380378993,0.23012367000596212,0.22106418867318797,0.1566261154369695,0.09454882495113283,0.10907384686563848,0.0,0.0,0.0,0.0,0.012230852551979907,0.03693145746157802,0.05104183081938011,0.05315534069789966,0.38198763566247856,0.15267237443215131,0.1308981966384607,0.12905424143697047,0.0,0.0,0.0872196641725991
CRIME_YEAR,0.3029848967088525,1.0,0.05737483049048788,0.07496387632687238,0.47458357406876894,0.4139165734201551,0.5303341835421332,0.5084640876275227,0.5085811457891077,0.4553392388032425,0.4527691001584611,0.3628433758766321,0.4247060410935128,0.2942313788381448,0.2700226794913815,0.4660592447587541,0.3786939943594541,0.31978799743606995,0.5389071747472022,0.3454478164933994,0.307094890749564,0.25588518098828483,0.41627424303754823,0.16185511116365053,0.29717920605150977,0.4583444249322307,0.2880727011893642,0.3543598228250863,0.1937497749873259,0.28476435038097286,0.31622830822355097,0.2935865714967987,0.14567936264875145,0.17423384783103685,0.18287818811611306,0.0,0.0,0.0,0.30448005751098056,0.07293426584330498,0.0,0.0,0.3304058425749245,0.09401071774248,0.2994956931546243,0.2389230384247059,0.10883533480076858,0.0,0.23014142953565495,0.0,0.0,0.0,0.0,0.0,0.06280766638477725,0.0,0.0,0.0,0.4620841496382926,0.37036708758125153,0.4745831407446174,0.3447993382329467,0.29899977400519434,0.09555905756679525,0.2406714206436255,0.3329160583066966,0.3563695991014001,0.33000156585181506,0.05529131065112122,0.09921222338469174,0.03165913990949697,0.11402426093845491,0.08698168163794516,0.04312801070402705,0.0,0.0,0.45533899213234275,0.2942314949486107,0.28476438404405435,0.25588528601743005,0.31978842008359554,0.1994187718517878,0.07918666250358476,0.07947300266676868,0.3162292669224008,0.2977131939074938,0.2309802636514402,0.1378304358960362,0.15094747255462662,0.03839999079086183,0.0,0.0,0.0,0.0,0.0,0.0,0.0,0.0,0.04002132051724056,0.0,0.0,0.20138108253570736,0.37592931251524,0.0,0.0,0.27441348774080004,0.3189741278413859,0.34151096158293
CRIME_QUARTER,0.0,0.05737483049048788,1.0,1.0,0.7063179910658514,0.0,0.0,0.0,0.0,0.0,0.0,0.0,0.0,0.0,0.0,0.0,0.0,0.0,0.0,0.0,0.0,0.0,0.0,0.0,0.0,0.0,0.0,0.0,0.0,0.0,0.0,0.0,0.35583747518865494,0.32453681819789193,0.3382754611225176,0.0,0.4380197974624531,0.16376595332273566,0.3975275720411293,0.49444406891454756,0.2389245120550887,0.0,0.39512188109576,0.39860094636306553,0.35993083699241146,0.4516761199490086,0.37130051294128846,0.2458424443681946,0.357445246477299,0.2334512286708619,0.4203797843361471,0.15724226821803808,0.0,0.10168801902589562,0.32663172264780616,0.1022669044582489,0.2608868643648933,0.28653370439809706,0.5246730489116799,0.40999711100058894,0.7063251850005214,0.4042847947946506,0.31876490852798317,0.2840430018521198,0.22347977549070158,0.20391299362385523,0.27210159121464605,0.24102591492010123,0.15784095047946614,0.11826279711295005,0.11994300450710867,0.13366687174620057,0.21858007814048291,0.10953707907368067,0.19589065045126533,0.11259573753545538,0.0,0.0,0.0,0.0,0.0,0.4750727014434875,0.0,0.1784593111585588,0.0,0.0,0.42548121022533747,0.22306960063313358,0.2694141124461461,0.1660166905418321,0.0,0.17018182434123763,0.12399310627301191,0.0372834569690346,0.053737029030051044,0.11240254688911473,0.25248230818687606,0.09147946777394537,0.20308012018097382,0.18064132436500585,0.18845627375245266,0.38131723026086706,0.37310527584145614,0.25531133303622977,0.081751314896623,0.45962304796150383,0.4844556707433541,0.669570383058091
CRIME_MONTH,0.0,0.07496387632687238,1.0,1.0,0.5134625362649595,0.0,0.0,0.0,0.0,0.0,0.0,0.0,0.0,0.0,0.0,0.0,0.0,0.0,0.0,0.0,0.0,0.0,0.0,0.0,0.0,0.0,0.0,0.0,0.0,0.0,0.0,0.0,0.34427246081625695,0.23713625282328749,0.28887649742751126,0.0,0.26365507694931883,0.27903247436454187,0.42033698738702424,0.3669713475134032,0.18458485554186158,0.0,0.4321978171678408,0.34111977475635075,0.3303343204747826,0.4704087918191378,0.31667630186231066,0.39542506947233863,0.37508308649237326,0.14659653342600903,0.3253829414582129,0.039090241373047396,0.0,0.0,0.2659141613140394,0.05402358764621906,0.18249835881233475,0.2847074720521908,0.3975510555312438,0.30793846014950604,0.5135281171382128,0.5112330145737974,0.3676626078046702,0.20135316794740435,0.1160283492135124,0.28179223219917227,0.3008450366506725,0.3101379381778517,0.0,0.13172829660394872,0.2040683419928716,0.24092595310318582,0.16534211358668147,0.19741670036858286,0.1940430949744884,0.025978280155938293,0.0,0.0,0.0,0.0,0.0,0.43156339523571935,0.11496567970753356,0.09881413008817705,0.0,0.0,0.2464194161027504,0.19485171223205003,0.2876139644231652,0.1656542698154817,0.0,0.1500716331708614,0.07879210860181869,0.0,0.0,0.25164417152364926,0.2144520738551909,0.10237210430164166,0.1868792153725558,0.22906821153408027,0.14651584902686393,0.36906629203234476,0.41022047798716677,0.25437137739985255,0.0,0.48460968231241897,0.5375822278868073,0.6796162904503279
avg_quantity_crime_in_dist,0.1761402871256612,0.47458357406876894,0.7063179910658514,0.5134625362649595,1.0,0.13471760849417597,0.0,0.11025498990177741,0.0,0.0,0.038974327864394344,0.10588916548125894,0.01069431676884525,0.0,0.17147598475386053,0.0,0.0,0.17913589256572168,0.1438977581357249,0.0832783837250628,0.05639385915464551,0.0,0.06532924180040339,0.05065374548997391,0.0,0.0,0.1068043597146664,0.0,0.0,0.16874565172704353,0.0,0.0,0.6533796391340572,0.6181897745725866,0.6882634370761845,0.17546213854872686,0.6949744785768095,0.4749590220304397,0.6357773122465883,0.8145431679513245,0.3045482916761828,0.14939878465168105,0.6967005168923337,0.662829414063597,0.7014356192867637,0.6673740611240204,0.6507600874533838,0.529244138923304,0.6922941046732908,0.07345510525471051,0.7509500070230991,0.3594316785319165,0.1535731211760558,0.19680642560033224,0.362977580652727,0.25723481152594424,0.34220128284589024,0.5570933442664325,0.6051145090244349,0.4588331425595887,1.0,0.4975010344609372,0.36275959112693407,0.4451443211517738,0.2757292604848923,0.38270631381393366,0.4962680441186689,0.4338377278470003,0.24965616937808285,0.23757789203921387,0.14406373638476133,0.0,0.32553551545655307,0.24806901482591784,0.0,0.08876756851891815,0.0,0.0,0.16874543932202893,0.0,0.17913609768176136,0.8299118849304205,0.21470732175281176,0.40748727391829015,0.0,0.0,0.4522709837546881,0.3106955108909776,0.3834338353238259,0.3004191656742205,0.09777148973296322,0.28675683141949626,0.20595567491648767,0.1274743150675039,0.0,0.2555538000563075,0.271061193462913,0.24756365421324802,0.0,0.0,0.0,0.6791900177777482,0.6053499397221918,0.5498219460489476,0.18610684274686415,0.691886694901315,0.6786473656854636,0.5757249058873901
cameras_in_district,0.7821606658267547,0.4139165734201551,0.0,0.0,0.13471760849417597,1.0,0.8793307373045114,0.872565823510684,0.8811937991812527,0.8739658824272005,0.9009330605968383,0.8922234378596995,0.8881339847332448,0.7265507833207365,0.8527205828179152,0.8791403406415305,0.8824587676567562,0.7824138218224335,0.8863626832447441,0.8692423751806052,0.9024517255551915,0.7565345558805076,0.888941322501107,0.7363878139254406,0.759622059326882,0.854218973810038,0.748891628622593,0.7501850230410292,0.8802290697467596,0.7288820642821515,0.7122785443122719,0.7117376998687676,0.3129863117222856,0.2901978285757235,0.25733105891060504,0.2317043024986698,0.1287406871502231,0.0,0.2250058594487297,0.11895160781388253,0.0,0.0,0.11549092320984973,0.0,0.1476069981079717,0.19848924634775772,0.10713939704807617,0.08228465106218535,0.22373148448640473,0.10510292074069821,0.0,0.1452154499409685,0.0,0.17217926040993192,0.047739540546932524,0.1363491454144575,0.07838383488066952,0.0,0.10165646293174029,0.1713842691194779,0.13470612495922019,0.1026380462563665,0.19669031903816825,0.0,0.1631756860277217,0.22156571524180707,0.15360397069869938,0.0,0.2310143280881265,0.29093528434026583,0.0,0.0,0.10543207397688238,0.19832640532956697,0.0,0.0,0.873965302610552,0.7266464663143155,0.7288349495037251,0.756501464234203,0.7825068054478388,0.0,0.0,0.0,0.7122246784718997,0.7119700183028093,0.26764918417801525,0.19354621327556112,0.23267422724877104,0.19159098484599044,0.0,0.0,0.0,0.25966254627242624,0.22989453684364342,0.0,0.0,0.13602954794501074,0.1378759252792558,0.12683446169350798,0.12744541305941445,0.20407769556283273,0.0978525218269432,0.0,0.10325875033674752,0.0,0.0,0.050351713232248414
R_avg_education_collegeor_above,0.7227398734885919,0.5303341835421332,0.0,0.0,0.0,0.8793307373045114,1.0,0.906814593219412,0.9124743037121706,0.9380129685738341,0.9053624711418404,0.8973241292327698,0.9403297113715122,0.8449024545508983,0.8613309599988999,0.9029573943194442,0.9017067667983844,0.8451045543365429,0.962624436541511,0.8836207495443287,0.8920778092539701,0.8446843510320134,0.9011539120135709,0.7903875996444495,0.8342208657256232,0.9336386580024205,0.7976725716327956,0.8616899412839217,0.9151366353190348,0.8638034565232035,0.7831775208844527,0.7005379671603111,0.4642941481634407,0.21109103568811027,0.21813666310683708,0.23404847605066675,0.16969104224460244,0.0,0.0,0.0,0.0,0.16913818500800268,0.0,0.0,0.0,0.0,0.0,0.0,0.0,0.11195727371497603,0.15778546937589452,0.0,0.10875727841415243,0.07731630402558173,0.10840311942940363,0.0,0.12772500006675616,0.0,0.0480502305648175,0.1420499385337511,0.0,0.08665452257763069,0.0,0.0,0.17631945376274966,0.0,0.24768596202145102,0.0,0.3092802487381356,0.18031818890694104,0.0,0.0,0.0,0.0,0.0,0.0,0.9380135743230316,0.8449543690429392,0.8637398231451855,0.8446814466322976,0.8451378837645689,0.0,0.0,0.0,0.7831433406239222,0.7805330824426852,0.130534964311384,0.13251347742047484,0.0,0.0,0.0,0.0,0.0,0.06255033067641595,0.0,0.1925147210969401,0.17519402698175984,0.14572672981433601,0.10179991654921565,0.13116795032216325,0.1354570658377856,0.36892479131265815,0.22473194715926018,0.0,0.28760791975733707,0.0,0.09875031083000821,0.0
G_avg_education_collegeor_above,0.764401804049544,0.5084640876275227,0.0,0.0,0.11025498990177741,0.872565823510684,0.906814593219412,1.0,0.9880383271620129,0.9497868121049325,0.8911595163526467,0.8843185760113812,0.9095512063659722,0.8560426715953161,0.9195700480287902,0.9009959097705194,0.953637200627456,0.8511728229096447,0.8832835652906581,0.9403743512106234,0.9488875379488347,0.8436073706920764,0.9179059839306304,0.7616305756310854,0.7929227164054039,0.9222647210148543,0.8412185619793061,0.8017995356493783,0.9356435018786303,0.8543161150188927,0.7525930332482171,0.7361381669485059,0.36512770110118153,0.296793481292259,0.21143855666622308,0.1821353537429976,0.14763316953143155,0.0,0.23183491542024687,0.09461954423389482,0.0,0.1005038665224372,0.22974233320332232,0.0,0.0,0.0,0.06422391074712215,0.16438020799908856,0.17142834041798222,0.011151204362421136,0.0,0.0,0.23077598511586528,0.15264623104811306,0.10964453406098543,0.25711043596876915,0.0,0.0496955300977241,0.08592446498056716,0.1483002727203238,0.11023961212005504,0.0,0.17138542878696406,0.0,0.1451024403393146,0.07623002293022532,0.13045852466671168,0.0,0.21629361328297808,0.26199180303406205,0.09654119580845229,0.22616802319480578,0.1907663071935115,0.33255098947010236,0.0,0.20710334478782727,0.949787480865074,0.8560888961739113,0.8543083464876837,0.8435951773342245,0.8512797751338912,0.0,0.0,0.0,0.752598688819827,0.7514362006877766,0.058848450324786354,0.0,0.0,0.0,0.0,0.0580909630538029,0.17477625468173494,0.23432311353073593,0.03748454754980777,0.0,0.0,0.0,0.0,0.10727227978031305,0.11138894544879342,0.3548333118992369,0.20871382746219835,0.042485378443124375,0.035437588734253594,0.12819932301227505,0.13222833240232096,0.0615674242980706
B_avg_education_collegeor_above,0.7490701127033863,0.5085811457891077,0.0,0.0,0.0,0.8811937991812527,0.9124743037121706,0.9880383271620129,1.0,0.9600614187787772,0.924889224259103,0.8892279728132115,0.9246310241549602,0.8527814316024868,0.8687300959130917,0.8927491646735227,0.961383486779233,0.811142071962913,0.8878498123768795,0.9243918495745503,0.9691172209998803,0.8635324607192594,0.8866334416042035,0.7836220091130432,0.8363085378667477,0.9410616048034053,0.7795706314422265,0.81453504687731,0.9422220400702872,0.8270852254592156,0.7487873529450993,0.7691074574042968,0.41889928791336806,0.30023042184308224,0.17569954985941927,0.06038660865123854,0.14922549948384753,0.0,0.0,0.0,0.08315278458610018,0.0,0.0,0.0,0.13597191923022073,0.0,0.058339009219875344,0.0,0.0,0.0,0.0,0.0,0.1677866306594563,0.18912442363475446,0.12887264278771712,0.0,0.0,0.03708257749138818,0.0,0.0,0.0,0.050764193881175236,0.0,0.0,0.17638678922724757,0.0,0.1514351189752315,0.0,0.23203978338998704,0.27685545092179065,0.07384788851063122,0.11087937553102409,0.1662102660552097,0.19888112843202987,0.11631052738028567,0.216055944104607,0.9600632883743818,0.8529508319217514,0.8271109702203414,0.8636348606160229,0.8110710881597437,0.0,0.0,0.0,0.7488012004037358,0.7484826902783531,0.0,0.0,0.0,0.0,0.0,0.058895767077738435,0.09490567260932682,0.0,0.0,0.1657696821422604,0.0,0.0,0.06838117196998134,0.04494281547567163,0.04380377692094495,0.3483784663747548,0.1694167865536059,0.0,0.0,0.0,0.0,0.0
warmth_education_collegeor_above,0.7762597575131243,0.4553392388032425,0.0,0.0,0.0,0.8739658824272005,0.9380129685738341,0.9497868121049325,0.9600614187787772,1.0,0.9053452693275877,0.8867418033384159,0.9291008605840343,0.9016364381900976,0.8968689951446188,0.9259902887710498,0.958132007051422,0.9021193428134244,0.9129432244371614,0.8944568572877633,0.9473414163476427,0.9386364202294905,0.9107739816293405,0.8064858501490773,0.8605138379832864,0.931061252896241,0.811330931632607,0.8304220378300881,0.9261668020511656,0.9191800891449793,0.739674961986912,0.769955516209776,0.4527885080314026,0.2747330557515156,0.24902126855256274,0.09853173060034684,0.0,0.0,0.0,0.0,0.0902808572333619,0.04101387048397625,0.0,0.0,0.0,0.0,0.0466128325273772,0.0,0.0,0.0,0.0,0.0,0.0,0.3009954726890496,0.0,0.1606533546051577,0.0,0.04578925406635293,0.0,0.045850792092013176,0.0,0.0,0.07431566694592918,0.07859630670062556,0.017698517474815774,0.0,0.3058664257760465,0.0,0.2990954052406465,0.21318889674547215,0.0,0.18464341941078133,0.0,0.20535731367057025,0.077324700140487,0.06815722443528077,1.0,0.9015459993495698,0.9190758954475752,0.9386360892150567,0.9020839665755386,0.0,0.0,0.0,0.7396360626138814,0.7397663597471079,0.09743960327333195,0.0,0.0,0.0,0.0,0.1427561578786221,0.0,0.1189335757093756,0.0,0.0,0.11094150340177161,0.048641380943798815,0.06662206525494745,0.0,0.0,0.41241307654150283,0.24306809880666175,0.0,0.06824769753154708,0.0,0.0,0.0
R_avg_family_size,0.7284822954113255,0.4527691001584611,0.0,0.0,0.038974327864394344,0.9009330605968383,0.9053624711418404,0.8911595163526467,0.924889224259103,0.9053452693275877,1.0,0.9535872796841993,0.8802488174043543,0.8613746465470421,0.8132863955898131,0.9075263059744384,0.9100428561148065,0.7706670239080209,0.9282553899499643,0.8850544199708162,0.9186560594156064,0.7789441949797187,0.8648218448783394,0.7654153833904901,0.8009317144699413,0.9478298605266355,0.7564373217369503,0.8303361301534685,0.9410450039259161,0.8128698409892623,0.7950269804460165,0.7285894698770063,0.3303244706327988,0.2781135565532066,0.3282734792327075,0.0,0.0,0.0,0.0,0.18043727970410267,0.06860312910426952,0.09831882735593242,0.0,0.1530332432336571,0.19462348969752566,0.1921118510982334,0.0,0.0,0.18231525402837548,0.0,0.0,0.0905637062593174,0.18574746792270008,0.1390856486006806,0.15202809457475377,0.21904629953114993,0.07298394608881571,0.0,0.08219208748346021,0.06991524119824162,0.03898210037061052,0.11508951130433703,0.0,0.13348001088154446,0.14726329412274322,0.0,0.1051821450216966,0.0,0.15630035783780216,0.2915836043211788,0.0,0.0,0.06351162228750215,0.13552463404009288,0.0,0.1371752682226203,0.9053447003204944,0.861344153726962,0.8129463211689761,0.7788222494584418,0.7707169617499704,0.0,0.0,0.0,0.7950708215481853,0.794924603850733,0.1484121908085567,0.11292378538634468,0.08305586943617516,0.14735672391249927,0.0,0.0,0.2395016209972896,0.21258900101895006,0.18751950663329517,0.3081664442210683,0.13399111590736312,0.0,0.12236924132487599,0.0,0.0,0.21873687083724802,0.13412064261487358,0.0,0.28033970452979967,0.0,0.0,0.0
G_avg_family_size,0.6954750080197277,0.3628433758766321,0.0,0.0,0.10588916548125894,0.8922234378596995,0.8973241292327698,0.8843185760113812,0.8892279728132115,0.8867418033384159,0.9535872796841993,1.0,0.9005120594549245,0.8098003091279226,0.8375467709802438,0.8880299176851169,0.9027492981080344,0.7474513872420335,0.8802587700639838,0.8665906196917481,0.8890933499206337,0.7834526428832055,0.8522367764903791,0.7325597009770458,0.7622231144000832,0.9260052571651087,0.7383381760511243,0.8071372023091594,0.9277784249549108,0.7555369349062803,0.7431234232248319,0.7411104211650688,0.3301646512442757,0.29952608559831484,0.23878383256196664,0.0,0.1273553229635511,0.0,0.0,0.0,0.22692084494898201,0.194362970554202,0.1141994683485522,0.0,0.10946952608011395,0.24827008971738107,0.12695916433435941,0.0,0.0,0.0,0.038173368974985945,0.045984678667282994,0.10766168107296141,0.09382837992023174,0.16168348237590882,0.09786345784657276,0.26390783672069246,0.0,0.1001126937700636,0.09453879049378247,0.10588534847272559,0.20832403965365673,0.23298774945832937,0.12252777686632614,0.12498486924758485,0.09606610682983333,0.0,0.0,0.1959721203812706,0.2494075849352182,0.0,0.0,0.0,0.0,0.208935678542355,0.1349614259122495,0.8867421655652962,0.8097139308592269,0.755621562218222,0.7834668144185097,0.7472090394522594,0.0,0.0,0.0,0.7431744558565163,0.7415872644967341,0.19846824835628316,0.20382876340738787,0.08824163384626382,0.1316391642394226,0.0917794037464698,0.0,0.08138634939069983,0.05612727129439069,0.0,0.2037990515800373,0.0,0.0,0.0,0.08862302262176432,0.09492378265485078,0.22670788462868446,0.21983470262762853,0.0,0.19370523798842934,0.0,0.0,0.0
B_avg_family_size,0.5513184334968962,0.4247060410935128,0.0,0.0,0.01069431676884525,0.8881339847332448,0.9403297113715122,0.9095512063659722,0.9246310241549602,0.9291008605840343,0.8802488174043543,0.9005120594549245,1.0,0.8424866552674757,0.8884338146023273,0.8862675657269997,0.9049405668494046,0.8426492713233728,0.9504838111137015,0.9083940265873874,0.9173957607268172,0.8579424990717505,0.926485533314012,0.8631767870267766,0.9002912977025388,0.8738156596669963,0.697174397462921,0.8194538210875661,0.9020540764137156,0.8510457722016487,0.7429397046889542,0.7938232729913275,0.3546229498576678,0.2608789400564041,0.2849198775332376,0.32903595484632814,0.12992818041523077,0.0,0.0,0.0,0.0871170919459514,0.08673857150073147,0.0,0.0,0.14664966001757054,0.1035615754751867,0.20171460399398616,0.0,0.17362104886125013,0.0,0.12096942565094447,0.20317096473551102,0.08528084099487439,0.11928404994879238,0.0,0.0,0.19415464184121753,0.053690369145454726,0.08300966394306585,0.18558727518556553,0.010691592166700703,0.0,0.0,0.0,0.15499114226720312,0.19697484816342772,0.1628278339812772,0.0,0.25157514903102524,0.21896611822360035,0.0,0.0,0.0,0.13337664330292923,0.0,0.050883947941521145,0.9291005869787203,0.8424986735330126,0.8509871019367677,0.8579197347084067,0.8427713357396047,0.0,0.0,0.0,0.7430420026561746,0.74202130367918,0.1860006559122301,0.21836169739131733,0.10758686984772985,0.13653932827418616,0.09375378279391179,0.0,0.0,0.05014137518298957,0.0,0.0,0.0,0.22682396052882237,0.13703841619484777,0.0,0.0,0.25315298729124286,0.0,0.05350426847572521,0.4819400198548343,0.0925382852888389,0.0,0.0
warmth_family_size,0.6939359135160053,0.2942313788381448,0.0,0.0,0.0,0.7265507833207365,0.8449024545508983,0.8560426715953161,0.8527814316024868,0.9016364381900976,0.8613746465470421,0.8098003091279226,0.8424866552674757,1.0,0.7116279974458134,0.745596141401253,0.8627936611988101,0.8655205941093967,0.8220260055655977,0.8026149978657434,0.8735096948127307,0.9810593887043635,0.7740052238935317,0.9103941255273501,0.9294728678519152,0.8226894022805743,0.7455284445332824,0.9058853480563721,0.8413626510475317,0.8767862199285374,0.8578951107500077,0.7437492197334062,0.2778301178412722,0.46766137474407293,0.37048177730159443,0.08439606625245206,0.17954359660029504,0.0,0.0,0.0,0.0,0.0,0.0,0.0,0.028912175268133715,0.06431151802804586,0.0,0.042858763133552996,0.0,0.0,0.0,0.0,0.09256353527440214,0.0,0.050948304719365185,0.06915428848139252,0.0,0.0,0.0,0.0,0.0,0.0,0.0,0.049986444340508085,0.0,0.0,0.07666843573593644,0.0,0.22378373243977168,0.4225078246308673,0.0,0.05992069987644033,0.09752255216382134,0.17154479903399464,0.0,0.0,0.9016229246340203,1.0,0.876762793946587,0.981058463281526,0.865448149477169,0.0,0.0,0.0,0.8578945644239074,0.8578832623589447,0.0,0.0,0.0,0.0,0.0,0.0,0.03100739391055778,0.0,0.0,0.14176869217226162,0.09903451515041535,0.10210707950524842,0.021446004149115835,0.0,0.0,0.2653641197122714,0.18835536936399874,0.09469495710600108,0.20165152011765639,0.002261958547390008,0.0,0.0
R_avg_home_value,0.7407401285259042,0.2700226794913815,0.0,0.0,0.17147598475386053,0.8527205828179152,0.8613309599988999,0.9195700480287902,0.8687300959130917,0.8968689951446188,0.8132863955898131,0.8375467709802438,0.8884338146023273,0.7116279974458134,1.0,0.9003280054021842,0.9325118795587847,0.802825482668355,0.8896158278533915,0.8753207348476137,0.8721426508291623,0.735428350427902,0.905781190890928,0.6868507867464899,0.7345927702009859,0.845126488414289,0.8444110353119372,0.7745445365039548,0.8804799715719616,0.8084384497473129,0.7698027856839973,0.7491644098708267,0.34249287979750576,0.24805289145535808,0.27990639759592045,0.20659456169999865,0.0752436421288734,0.0,0.2083403901838031,0.13864888118938246,0.0,0.0,0.2880385094206365,0.0524037759579349,0.0,0.0,0.0,0.12682153295814386,0.31411930343014277,0.0,0.0,0.15733935268936836,0.1726828115001147,0.21595685283635763,0.15760493840033946,0.30951681997853364,0.13444697328924257,0.10438147847965996,0.05892734145145338,0.19560855065680224,0.1714217182885855,0.2028476572357987,0.375223536197483,0.10539576602162462,0.14221903228548985,0.0,0.0,0.0,0.27516580490518633,0.19804364299039512,0.0,0.17964086237234436,0.18911546914593952,0.30638861416596314,0.0,0.047613475133122654,0.8968694145082774,0.7116839243002161,0.8084371313349875,0.7353948209251041,0.8027642445829944,0.0,0.0,0.0,0.7698239468358518,0.7680586894508875,0.18475181633962187,0.08443347715462471,0.31623257491261153,0.15680083984647022,0.0,0.1907524192916108,0.2441780325359675,0.21535519276113765,0.0,0.14716093716148904,0.12247255999277153,0.0,0.0,0.058828606631109455,0.06345964909109764,0.20515722597706898,0.0,0.12546513277095397,0.28719080756944404,0.09665672696942626,0.0,0.0
G_avg_home_value,0.670579595593285,0.4660592447587541,0.0,0.0,0.0,0.8791403406415305,0.9029573943194442,0.9009959097705194,0.8927491646735227,0.9259902887710498,0.9075263059744384,0.8880299176851169,0.8862675657269997,0.745596141401253,0.9003280054021842,1.0,0.9185437736344355,0.8322997902933768,0.8876250638495191,0.8770025727356815,0.8936634493335266,0.8052663811462007,0.8750649191394655,0.8028558593137736,0.8034326244353059,0.9388870111294182,0.7842082302842432,0.7874799967980712,0.9074267101433112,0.821054773403723,0.7598145402206495,0.663541695556635,0.40186334160775233,0.14697499319015375,0.26574466412553444,0.0,0.10630765411010543,0.02419559980180479,0.22465697679700306,0.06392996034733364,0.0,0.0,0.1930133984577104,0.07493868265344349,0.034929424589185736,0.0,0.07743643933580024,0.0,0.3009586447901675,0.0,0.0,0.0,0.0,0.2972490946642173,0.0,0.09078992122455032,0.11011060286759508,0.06524723062024716,0.0,0.0,0.0,0.16840320779255608,0.1286889236790136,0.1424619501003718,0.18057749620765712,0.15452438014595737,0.19472452382030864,0.2560482493685252,0.266205410246263,0.0,0.06647770699481592,0.1787210615178699,0.0,0.0,0.0,0.0,0.9259905298812532,0.7456184262054707,0.8209225101929953,0.8053250998842839,0.8322854448077105,0.0,0.0,0.0,0.7597901559518614,0.7591254197159688,0.0,0.0,0.238929883680901,0.09357037637388337,0.0,0.0,0.0,0.0,0.0,0.10255230458199742,0.0,0.0,0.0,0.0,0.0,0.37271502454263855,0.0,0.0,0.0,0.0,0.0,0.0
B_avg_home_value,0.7853112196278849,0.3786939943594541,0.0,0.0,0.0,0.8824587676567562,0.9017067667983844,0.953637200627456,0.961383486779233,0.958132007051422,0.9100428561148065,0.9027492981080344,0.9049405668494046,0.8627936611988101,0.9325118795587847,0.9185437736344355,1.0,0.7990457130895331,0.9031517840438728,0.9017623277298383,0.962521632086299,0.8844543991242373,0.8837339665566701,0.7658285450418225,0.8002999719109246,0.9397894550074494,0.7769694829935659,0.8348599391063736,0.9665478892008542,0.8270251765161323,0.810690981782938,0.7396966593439832,0.4201524615392223,0.299990448094521,0.27866985833419045,0.19866256398408685,0.18358991114297493,0.0,0.13552885877143842,0.10376627771435173,0.1977738222222926,0.088048908871313,0.0,0.0,0.0,0.0,0.0,0.0,0.16877565767126068,0.0,0.033272583887571386,0.0,0.15197797213508987,0.26998429979645994,0.0,0.0,0.0,0.0,0.0,0.09760100676740704,0.0,0.06656556166247282,0.0,0.0,0.0,0.0,0.0,0.0,0.31004374889388836,0.19688203628053594,0.0,0.0,0.14444136400686816,0.1852476720917098,0.20268902509285033,0.27191726879094164,0.958132252880004,0.8629742792461884,0.8270416973665228,0.8844403938266053,0.7990108112785418,0.0,0.0,0.0,0.8106177808676921,0.8098644850945117,0.05304893239171453,0.06849535282844622,0.12547150969349968,0.05566637460447697,0.0,0.0,0.0,0.0,0.0,0.0,0.0,0.06555726119074795,0.0,0.0,0.0,0.4203060850595204,0.1558481375460156,0.0,0.22347283796105735,0.0,0.0,0.0
warmth_home_value,0.860249504248845,0.31978799743606995,0.0,0.0,0.17913589256572168,0.7824138218224335,0.8451045543365429,0.8511728229096447,0.811142071962913,0.9021193428134244,0.7706670239080209,0.7474513872420335,0.8426492713233728,0.8655205941093967,0.802825482668355,0.8322997902933768,0.7990457130895331,1.0,0.8199888185253631,0.769964845920481,0.8004999290245121,0.877733154312841,0.8247236097220628,0.8421523438030952,0.8274629908383697,0.8045488373759535,0.8940925331641111,0.8133743470860606,0.8147238599587757,0.9906193684996992,0.6881345504353114,0.8500453593696229,0.2792089533025431,0.29461635138589537,0.25902182507830185,0.12219155244335414,0.11841394034316291,0.0,0.0,0.0,0.0,0.0,0.08698804568794467,0.0,0.1566703405200958,0.0,0.0,0.021551075823924036,0.16219824126853377,0.0,0.0,0.0,0.1372301513177465,0.12401480772487165,0.0,0.2669322224829474,0.0,0.0,0.1152748069152356,0.2224744311171761,0.17913608998335417,0.0,0.08992612336935853,0.17634276830561335,0.20649457178775857,0.1521346241661467,0.24428403663567483,0.0,0.36410313253916093,0.2407182709206227,0.14185217396342342,0.2107268683106938,0.10299678631199193,0.2021895450505207,0.0,0.0,0.9020810797406312,0.8654137892040897,0.9906231209505886,0.8776871397433611,1.0,0.0,0.0,0.0,0.688077381385902,0.6859392552530384,0.0,0.0,0.12530933115947837,0.0,0.0,0.12453168493142748,0.14006331212308454,0.23715347755182106,0.0,0.12208571888064179,0.16753256447535794,0.0501400875364148,0.12907571797681153,0.0,0.0,0.24578680800417288,0.08476544036272896,0.08574048469634271,0.0,0.0,0.09364213484047018,0.0
R_avg_income_household_med,0.7070657674142325,0.5389071747472022,0.0,0.0,0.1438977581357249,0.8863626832447441,0.962624436541511,0.8832835652906581,0.8878498123768795,0.9129432244371614,0.9282553899499643,0.8802587700639838,0.9504838111137015,0.8220260055655977,0.8896158278533915,0.8876250638495191,0.9031517840438728,0.8199888185253631,1.0,0.8957536789619369,0.9072425347430476,0.8202788108546478,0.9078489817813857,0.8018162753184904,0.8582825066029256,0.8970809414856437,0.7542524425103418,0.8459714460845645,0.907101965248909,0.8501606492403196,0.7761268114493329,0.7026545360016466,0.40569682342208313,0.28036726839844517,0.2850915843898977,0.22819374234391754,0.18338308154916297,0.13837237071583428,0.0,0.0,0.0,0.0,0.0,0.0,0.09923015790801114,0.10238337630905579,0.07524748822836937,0.0,0.0,0.15115092540514036,0.14457317819093418,0.13475516538859966,0.1999109982894112,0.10728977626114732,0.12417407063546335,0.0,0.0,0.0,0.17636929930754217,0.2016367723460296,0.14389222518086534,0.0,0.0,0.014044716857296604,0.21706003685212888,0.0,0.0,0.0,0.30473057483669164,0.2702930069790492,0.0,0.0,0.0,0.0,0.0,0.06715228561983,0.9129430258888827,0.8219654904916753,0.8501702458597019,0.8201592193052474,0.8200734912025629,0.0,0.0,0.0,0.7760732007551014,0.7741404586298019,0.19136701698477215,0.26386394333884455,0.12697404142326957,0.12124438958923184,0.0,0.0,0.0,0.21738611508927663,0.18456475915795617,0.18757977714238924,0.09364445426107197,0.03180611380131672,0.0,0.19015616766709742,0.19860861202789135,0.3733462382682799,0.0,0.0,0.377025773672692,0.0,0.0,0.04381175351335894
G_avg_income_household_med,0.7764008688353523,0.3454478164933994,0.0,0.0,0.0832783837250628,0.8692423751806052,0.8836207495443287,0.9403743512106234,0.9243918495745503,0.8944568572877633,0.8850544199708162,0.8665906196917481,0.9083940265873874,0.8026149978657434,0.8753207348476137,0.8770025727356815,0.9017623277298383,0.769964845920481,0.8957536789619369,1.0,0.9726628740599487,0.7879114918704752,0.8916747522058598,0.7943362021599087,0.7787976461653006,0.8849657319394307,0.7729740348691518,0.7584854524376713,0.9072512101158857,0.7992071035498598,0.739518670087104,0.7311912273512149,0.20515893805088797,0.3433242976445635,0.20898643109215279,0.26876463092369623,0.0,0.0,0.0,0.0,0.1430619796586475,0.07014631910476529,0.0,0.0,0.19322209632131138,0.26498827240610967,0.0,0.0,0.0,0.0,0.0,0.1408162359136483,0.28366649377979075,0.21753502400975797,0.12706764288869027,0.19972980659281153,0.0,0.0,0.08027069566372816,0.19874648185050822,0.08330687649022206,0.07009950671582772,0.0,0.0,0.1825321081827117,0.09236236158799252,0.2416610092725372,0.08528088293919206,0.16676601390504983,0.2275184994144461,0.046845926657265655,0.05642887582349336,0.0,0.18165087409207378,0.1291550387115922,0.22791345173652203,0.8944571538536682,0.8027093325665425,0.799231199990317,0.7877778329454127,0.7698970508633963,0.0,0.0,0.0,0.739485537482492,0.7394901170311005,0.22120142103703822,0.21926317043998386,0.0,0.0,0.0,0.0,0.0,0.1955503889518059,0.11383310335984317,0.0,0.0,0.0,0.0,0.09279673446435004,0.09248472806565083,0.21226539536065345,0.0,0.0,0.1456749544383403,0.0,0.0,0.0
B_avg_income_household_med,0.7044741753998999,0.307094890749564,0.0,0.0,0.05639385915464551,0.9024517255551915,0.8920778092539701,0.9488875379488347,0.9691172209998803,0.9473414163476427,0.9186560594156064,0.8890933499206337,0.9173957607268172,0.8735096948127307,0.8721426508291623,0.8936634493335266,0.962521632086299,0.8004999290245121,0.9072425347430476,0.9726628740599487,1.0,0.884382098583276,0.8991946942916424,0.8181937652153239,0.7930645928274762,0.9002423136206047,0.765548455454554,0.7822511171148433,0.9356921852297105,0.8190036318905057,0.7272935207200011,0.7482267841929503,0.30742043636277083,0.2726919655831938,0.24075040339341883,0.09524903194768138,0.12640831942301314,0.0,0.24881094861595374,0.07500674330260805,0.0437679260296049,0.09747257603164401,0.0,0.0,0.18805533811363784,0.22961240707352834,0.0,0.0,0.10652664282243178,0.0,0.04635505380546238,0.13625163852614763,0.2528866385538855,0.2347894702699679,0.12832200933381815,0.05833038093146823,0.0,0.0,0.07279399036083777,0.16068445095470235,0.05638435078708297,0.10008232637739596,0.10420510671200622,0.0,0.1962690935445415,0.20185504413009683,0.11690233717547426,0.0,0.19719984495083648,0.21832668872011857,0.14276595461739433,0.16400812690914462,0.0,0.10193712986826473,0.12219295870894045,0.19480439704399233,0.9473383673030988,0.8735111281222155,0.8188401415745741,0.8843562521000758,0.8004310391458016,0.0,0.0,0.0,0.7272848404657284,0.727125368381503,0.17495656136311752,0.17559446247080754,0.0,0.01630719584319415,0.0,0.08666287641323508,0.0,0.08961040838814552,0.0,0.17074716971297568,0.07962990405828302,0.05978662953102222,0.12063082425475939,0.0637835010599972,0.0710214732981648,0.28164928044082804,0.2288474670954797,0.0,0.08745013681450141,0.0,0.0,0.0
warmth_income_household_med,0.7067215798091623,0.25588518098828483,0.0,0.0,0.0,0.7565345558805076,0.8446843510320134,0.8436073706920764,0.8635324607192594,0.9386364202294905,0.7789441949797187,0.7834526428832055,0.8579424990717505,0.9810593887043635,0.735428350427902,0.8052663811462007,0.8844543991242373,0.877733154312841,0.8202788108546478,0.7879114918704752,0.884382098583276,1.0,0.76829212365361,0.9083072735464733,0.9289700089609377,0.8268663304409705,0.6911778835436966,0.9118732783199711,0.842719999458046,0.8776498873520506,0.860220269725474,0.689897453565322,0.33449213491545776,0.42149826769683296,0.3650973139704956,0.07634665492941274,0.15128164481443854,0.09053684606275103,0.0,0.0,0.09391287371543072,0.0,0.0410213352125833,0.0,0.0,0.1696655149247062,0.0,0.013824327173503622,0.0,0.0,0.15688117555167577,0.0,0.0735536218542934,0.0,0.0,0.10111893304521631,0.015017736669074529,0.0,0.0,0.08992105173979945,0.0,0.0,0.14876581785100465,0.11347155042328445,0.0,0.0984394190202573,0.13559766367571702,0.0,0.2983614242445838,0.3208685507666536,0.07135307717090003,0.09236708695058507,0.0,0.11324164606546303,0.05091406381223507,0.036783218288989436,0.9385777422591746,0.9810583929071103,0.8776139205107037,1.0,0.8776665139697997,0.0,0.0,0.0,0.8602194196792649,0.8604339431069881,0.10388284183262965,0.12127190481748171,0.0,0.08832943179309137,0.0,0.13334496608820462,0.14964126009586157,0.057403007754882544,0.020161346228470732,0.09184048758372018,0.028013287381682725,0.12632602679397711,0.055005386084860455,0.04025365337035939,0.03752649872293956,0.3016631478765767,0.15736996261104141,0.0,0.0,0.0,0.0,0.0
R_avg_race_black,0.7246014607417762,0.41627424303754823,0.0,0.0,0.06532924180040339,0.888941322501107,0.9011539120135709,0.9179059839306304,0.8866334416042035,0.9107739816293405,0.8648218448783394,0.8522367764903791,0.926485533314012,0.7740052238935317,0.905781190890928,0.8750649191394655,0.8837339665566701,0.8247236097220628,0.9078489817813857,0.8916747522058598,0.8991946942916424,0.76829212365361,1.0,0.7994884564613594,0.8328924996792009,0.9085379215221511,0.8101516021908494,0.8001816623718306,0.8821591950400314,0.8286861455676884,0.7501479329503237,0.7193571062631621,0.40828260568027624,0.35354970527615803,0.27951290240852084,0.0,0.21750660124289004,0.1959178344464101,0.12124450066237549,0.0,0.0,0.0,0.1915196231970306,0.056276705755584404,0.30679672106402894,0.1472609547161321,0.1303422630270712,0.0,0.31437961845601026,0.0,0.0,0.22945299464975122,0.0,0.2980294707707292,0.0,0.2583938259196398,0.0,0.0,0.0,0.16346723197991844,0.06534516761238716,0.0,0.08008888482606306,0.03864537061179454,0.28649632052680796,0.0,0.2241013926707097,0.0,0.3056837665791937,0.34907964332779284,0.10373107110955855,0.2034819098282721,0.12805529615703876,0.18347124788785013,0.0,0.07334084682368441,0.9107737914330303,0.7741557499318774,0.8288001258288877,0.768123425825609,0.8248400864473124,0.0,0.0,0.0,0.7501458559624645,0.7493432504952753,0.17469532966798207,0.15537497691559543,0.19854568595039201,0.054773637110327476,0.0,0.14618263242233379,0.17514347814383485,0.2355302131887705,0.04222540784286609,0.21785543735611176,0.14482872074514752,0.0,0.0,0.06994429889028445,0.0762443472332806,0.3324954922429524,0.0,0.15950578749450708,0.061444806057644054,0.20809989218744335,0.16080281334547683,0.0
